2583
1723
1748
2814
4699
3619
4928
2989
1174
5845
1987
3379
7826
0487
9753
6536
6566
2411
4839
9099
8370
2575
6439
1152
2393
1561
5518
0550
6063
2567
1476
7639
1097
4811
2076
2339
5923
3478
4055
5488
3761
9276
1395
3996
3309
4016
5416
3854
2623
7118
9021
6096
3395
6458
0705
1008
6547
7968
4551
5363
9176
8417
4471
2148
9771
3660
7191
6747
6094
7484
5082
3866
8674
0685
3468
3877
2201
2121
8249
6456
6864
7026
1747
6175
8112
4366
8025
7158
9351
9798
3639
8798
4416
5529
8272
0326
7326
8067
3633
1333
7878
2743
1631
4967
0643
2897
4696
1917
8446
8258
1127
9211
8372
2341
1788
7833
1250
2864
8211
9540
6183
7887
8519
9554
0576
1617
4415
7228
3671
4232
3156
8524
3735
0673
3231
3125
5788
2892
5046
5276
9136
5342
7128
2075
5939
1165
0694
5066
5200
2436
0627
7824
9666
6789
7811
1994
7482
6801
6574
6023
4916
2965
6691
2418
2484
1095
8498
4306
5888
1875
6311
0770
1649
7139
5985
9756
5470
9727
6931
5498
4863
2644
8726
8494
6534
3677
1328
1506
0928
1232
3284
0767
0639
5195
2599
9905
3005
8311
7812
4651
9414
0041
2719
7281
7971
5434
1214
6237
6469
1456
4906
0586
9454
3211
3436
1156
3469
5762
5773
1171
3153
8994
4346
0108
6850
2260
2503
2410
0822
6131
9848
5517
3100
8126
2422
1970
8397
5877
1833
7531
6277
0799
1929
5008
9522
2957
7151
4647
8435
9950
3864
7582
2005
2433
9972
2566
9036
7872
2496
8950
9688
3603
1116
1563
0557
5099
0109
2197
6368
5568
5473
4496
5561
7870
6750
7520
0594
3605
5320
2905
9299
1995
5278
5536
1925
2508
2936
4951
3326
2668
5541
5757
8442
4920
5116
8366
5042
8693
5506
1091
3152
7709
6420
6114
9530
7072
4557
7621
4784
3847
7746
0848
1883
7343
5770
4769
7545
6276
9726
7319
8247
0366
1642
2915
4625
4900
8991
9777
5244
2255
2732
5566
1071
9046
0975
7337
0353
0274
3393
8355
0695
8963
0084
8893
2455
9252
0971
5700
4719
0859
2955
0826
4529
2385
0942
4766
2388
5021
8188
7347
8046
0202
9382
4885
2742
9346
9936
0196
4335
3895
4425
3965
8480
0050
0375
7910
8039
5108
5003
2367
2969
9627
4024
4152
7110
3654
6605
6095
8111
0552
1982
6772
8505
5196
3300
0173
4644
4771
0515
0381
9123
4649
0906
8234
5068
1791
9912
1796
5549
9157
5768
7631
4930
5133
5707
0672
7794
8358
2806
7654
8521
2555
3570
2881
0580
7093
6172
9952
0582
0321
1192
4118
6699
5887
3281
0268
2183
9128
6099
3474
3087
5986
2116
0418
2450
4424
7835
8353
3510
6231
7633
7644
6352
5295
5441
3188
9574
2106
4028
0543
1472
8723
3623
2049
6758
9819
3747
0116
2753
4217
9499
8776
7560
5744
6140
7653
3268
7080
3430
3466
8968
8816
8683
5898
3889
0249
3664
3696
7352
9650
9451
9227
1783
1368
3947
8036
4247
9692
4230
5286
0066
8594
9306
4505
0509
2515
0176
2802
1375
4041
7181
3792
7551
6545
9062
4062
9078
8918
7194
8791
9673
5093
0997
8902
3237
1721
7749
9898
6883
1011
4621
9873
3771
1054
8097
1820
0629
9657
3494
6128
9290
4440
3126
0426
1784
1653
4896
4264
4455
7059
6141
3346
0588
3880
3540
1294
2502
0442
6133
9874
6366
5751
0638
7207
7632
4406
3477
5264
4198
4401
2308
6244
3484
7446
7564
3873
1542
8048
7906
6806
5670
1301
5337
2223
6488
3599
6663
8701
4364
9017
6134
3103
5151
0179
0950
6610
6834
8914
5687
2345
2128
8191
5231
7131
6516
1839
3435
5280
1652
5689
8304
7665
1362
7384
2487
3135
2699
1065
7232
8336
3400
8591
7409
4184
1742
8392
3458
8997
1235
8957
6602
2080
7562
3391
3662
8411
0661
7934
6476
5371
3422
6703
7364
1899
3378
9126
7366
8196
9852
1238
9652
1356
2373
7727
9770
7363
2771
4030
5427
2149
2788
2664
3277
4634
3063
9309
5243
3041
4268
0377
8828
3891
2639
6089
8183
9693
0277
0121
5219
1930
2703
0354
7236
4971
1625
2500
8091
3539
6616
4887
6073
2675
3482
6803
2740
0002
5835
3513
1806
2102
6159
5483
7930
6798
6181
2824
8735
5486
6603
4356
2315
6788
9955
0110
6011
8858
4174
9851
9835
9316
1633
5173
3614
3728
7065
8532
6971
3498
1733
5903
6258
3406
5408
2621
5053
7365
0683
4286
2009
2734
9092
1261
2697
0480
7924
1137
8282
1656
2449
4712
2581
5676
7361
5317
5603
0149
3503
8038
2071
4797
7623
3091
6475
5690
9105
2243
5145
6097
3744
7087
7011
5846
8538
5904
7715
5351
3762
6809
2976
7770
4355
3499
9534
3246
7102
9008
6770
5555
8685
6014
2014
1204
3849
8506
7814
7790
4193
4341
2355
3383
4480
7137
3203
3446
1492
0901
7298
2101
1736
1821
9206
3225
6945
8288
5205
4586
3028
6395
2687
1632
9446
3949
4754
5948
5160
1102
8537
6527
9749
8539
6938
5420
6109
7707
7404
6342
7643
6778
8192
0648
6783
2714
5345
7980
5630
1638
4429
5626
1094
8657
0616
0801
8190
4546
4757
4387
5756
9281
1802
2205
0898
8222
1958
2782
6726
1943
1391
4144
5411
7671
2242
8872
7674
2187
0959
1077
2272
4935
5308
3049
8760
6713
6569
9865
6666
3015
5080
8041
3320
4941
2107
5326
0846
9373
5300
6648
7492
9866
8043
1503
8437
0808
3263
6925
3885
0684
9833
9045
0640
6171
9473
2844
6316
0063
7842
6407
5364
0719
1207
6950
7662
0804
0546
7861
0026
9710
6118
0916
9149
0628
1289
0712
3617
7499
5392
5390
0014
1130
7584
5375
0527
3902
7268
5122
2351
5509
5417
2262
6630
8550
0828
1670
6113
4523
7928
1197
5410
7203
0440
2302
5528
3086
0384
0251
9443
6429
3307
8668
8877
5656
9284
2851
4297
2832
5834
0566
4728
8618
5730
7376
2229
2334
7612
6306
1151
7193
8694
0224
5397
8114
5753
3429
4132
4340
5942
9464
7844
3493
9064
7185
9229
6991
7314
8462
6252
7905
4122
4865
8228
1372
1366
4474
4386
0508
1403
4688
6539
7904
2646
8988
8706
5989
3029
0475
4782
1645
4910
4205
1022
1413
0935
8385
4092
1296
8166
4374
2804
6581
9550
9095
7416
6832
9892
2968
4163
1901
5629
0171
4895
1598
1954
8230
2401
9404
5112
8143
8595
7918
2065
4513
3802
6837
6503
2246
6121
2841
8132
3166
5927
5774
1025
4530
7010
8637
0158
7519
5952
2676
7111
2597
5794
2048
8243
2481
0742
8350
0464
9273
8979
9032
7763
0103
0462
5222
4064
9805
0316
8653
2910
6997
0536
8866
6462
1189
9389
3200
8475
6524
7799
8302
0962
0491
9682
0774
4490
9518
6554
5288
7276
1517
9080
5443
6795
7256
1312
0201
5034
4164
6517
9013
2786
7611
7217
6836
3244
9922
8671
8481
2399
4473
0194
1546
4716
9743
5813
3625
4347
4635
5511
5872
9493
7598
5508
5589
5976
1311
1999
3024
7775
4183
5321
3359
6435
9739
1474
2081
7050
2377
1603
6719
1423
3710
7797
7513
1991
9985
9719
0868
5697
2286
6108
2946
6738
1753
3372
5072
3779
2202
4893
4049
0615
1957
4759
7383
7739
3190
6340
5750
7881
4145
2750
7673
8101
2631
9376
6100
2386
3437
9374
7558
6557
4240
7660
5924
6561
2181
8297
1385
3819
9268
4126
5266
2606
6445
5057
9193
5959
6541
9068
6934
7263
0817
4284
4669
7985
2350
8636
8565
5061
0541
5858
8510
9811
2901
3591
5232
4143
1327
5024
3030
8195
8263
3686
1651
1787
3701
4472
8696
8695
3256
4119
6525
2279
7745
7275
9147
4136
0795
3927
0071
3636
6957
1966
6457
3713
3340
1706
6130
5199
6050
2486
6510
6227
7188
5596
0577
5997
4748
7330
0372
3013
9090
6068
0457
0486
0438
9208
6054
4733
2318
3367
5675
9470
5135
7186
9468
9205
9745
1435
9377
7764
5323
4379
6708
8602
1996
0024
0136
9797
7368
1655
7991
6452
9772
2540
9991
1412
8983
5191
6423
7692
3248
4414
5449
8759
8659
3088
9768
8933
1223
4569
3408
1815
1811
3362
6292
8778
4506
4960
0666
5223
7792
2012
1858
9788
9311
7345
5235
9198
9333
3315
2179
7572
8874
2574
0415
9759
6039
7190
5347
1463
9762
6451
2977
1860
9043
8006
5355
9300
3343
1210
6822
3489
6262
1591
2872
2716
2303
4289
4102
9411
4361
6734
5771
4604
7445
0633
2954
2891
7164
1169
0421
0469
5728
1179
2710
3302
2086
5329
3896
5172
6080
6402
4746
0094
1172
3888
3815
8438
3807
8631
8422
4931
9336
4084
9886
4726
6671
6280
8882
4780
0500
3569
3985
1089
1455
4042
1636
2338
5767
6790
1741
4274
9764
1034
7841
5393
2896
9531
1671
0228
8338
8484
9271
0468
7294
9604
8966
5827
2395
4803
4010
2163
0092
1864
7509
9406
9904
5220
5091
6062
7152
1752
7205
0159
7982
8470
5315
4886
7279
6601
2931
6825
0331
8160
2744
0013
7769
8313
3230
2375
8078
6985
8789
2608
8469
0907
0771
7857
8199
8007
6234
0034
6195
0025
8109
9240
6055
0789
8847
1675
0312
8899
7652
2408
7634
0764
8576
3870
2159
5953
2298
4963
6515
6909
8646
4851
0793
2928
1033
4166
3412
9418
1980
2115
1767
3638
5912
7608
2419
8197
2404
1569
3136
3040
4449
0993
1589
0996
3275
9201
9024
8059
5125
2651
0323
8673
5740
4632
9458
9810
2402
6535
7667
9656
6940
1865
3684
0242
4053
5868
3650
5530
2735
6017
6200
4410
8764
3270
5971
4023
4638
8822
4011
4000
3003
9918
2259
5617
5450
4703
3867
9649
9081
7570
0059
9841
5502
4667
5590
3635
7435
0288
7625
6247
3313
9385
1046
9219
3749
7556
1184
3607
2097
2840
9862
8176
4597
4432
0048
0302
9307
9549
7052
4919
9467
1880
8284
6208
0977
7506
7923
3271
6479
3894
8780
3325
7682
7240
2200
7032
4915
4430
7126
8482
9344
6385
1432
0573
2689
0394
0614
8849
3644
1658
1335
6680
4283
4620
3630
5085
6564
6917
6079
5660
9164
6781
4074
5658
7896
8242
9629
0129
8080
3388
6018
0838
5747
6947
9755
0007
6336
2506
7141
2747
2131
8117
3232
2521
4114
7304
9690
0279
9257
3661
7915
5830
7144
1433
3769
9118
0926
9663
5804
5007
1560
6047
4882
0435
6494
6520
7242
0523
3056
7793
8824
0501
4487
3789
6341
2694
5028
8908
7061
5936
7555
9370
1326
2996
8518
7740
6927
8146
6041
8700
2940
1043
8509
8051
4603
6239
2269
7377
7829
2951
9975
4388
0911
6658
6090
1212
0304
0538
5261
6357
9121
0250
9617
4330
9630
8217
4261
2140
8447
2400
7054
9417
8641
3360
3381
2908
6775
2563
4412
1509
9524
6238
8448
2232
6696
3369
2878
9058
4373
1066
3515
3690
1985
7771
2045
6268
0126
4453
8894
5043
2358
5776
4710
7124
6567
6846
2902
4617
2474
1588
2616
7069
0498
6599
0775
2589
1507
9938
7970
5154
4141
4381
2781
2055
7628
0131
8425
5455
9137
9723
4947
2039
5265
9929
1176
0921
9130
6595
8177
4259
8290
0155
0595
1637
7444
9395
0385
9583
9328
7929
1960
1828
6425
3659
3431
9967
7892
0258
5526
5809
6194
3846
8291
7321
2105
9746
7427
7362
0029
3887
1965
3289
6170
6892
1647
5484
1944
5396
5376
4814
2104
1754
3361
2405
0905
0952
9383
6988
7576
3666
2007
7504
4619
9466
8200
6866
0570
2035
6228
3517
7008
4078
8998
8202
5718
8400
8812
4858
9495
4944
8743
1464
7332
1399
3464
7679
5545
0806
9700
2124
8811
6007
5121
0163
0168
6948
0419
8910
0064
7962
7351
3600
9098
9101
2313
1420
3983
8023
3191
5867
7701
3460
4912
5694
7068
3828
5360
2056
8141
4203
7871
3093
8590
0247
3774
2649
7542
8761
5761
7043
1551
8836
6274
7802
7690
4735
3485
4875
3267
9542
3848
4185
6782
3495
2362
3999
1126
3559
7683
0455
4690
6053
9960
4012
8615
8360
2265
1388
5432
2666
0824
8774
5105
4321
9773
5100
4510
9722
9774
3778
9343
6855
2712
1023
3739
8839
2613
6203
8136
4535
6006
8633
1799
2647
1919
3536
9618
1087
0514
0756
9785
1906
2773
6499
6082
2490
6192
4838
8214
3940
8123
4763
1467
1048
9959
2034
4310
5357
3790
4749
5763
0769
2353
6665
8564
1505
4360
1027
4428
2947
2218
8528
9331
3119
7316
1983
9422
4734
1592
3673
5349
3322
4702
4720
9445
1466
0829
9697
7723
3964
6874
4954
3681
8324
8129
0051
2001
5597
1697
1969
5955
3181
7325
4786
5139
4504
4687
6322
7816
8056
4080
0796
6211
9815
6693
9569
4909
1974
9115
5256
4711
1107
3347
7997
5385
6992
4706
4809
7984
6266
0941
6389
1167
6876
2092
5208
5152
7367
5031
7921
8000
1029
7387
3832
1555
2426
8182
0049
6797
8650
5330
3077
5586
3099
6427
3904
4149
4701
5569
6682
5496
7100
5178
2194
9399
7957
8697
5945
6232
9559
5322
9586
4287
5412
3566
3070
3066
1535
4837
4234
9970
8049
9225
9312
4778
2845
9935
8436
7472
8547
8075
3642
3537
4218
6618
1271
9427
5911
4768
7464
5696
7119
6138
0660
0089
1331
6973
4693
5893
5279
0505
6236
4020
2252
9999
9347
0101
2652
0948
7355
3090
2522
6975
2843
5581
5499
2700
7552
8319
4338
4129
4213
8754
5096
7215
2736
4670
2950
6728
7202
4655
5899
1078
9580
9713
1067
3572
9661
7488
6740
6805
9194
4333
4156
5950
4262
8707
4201
3773
1559
6332
9520
4175
0257
3766
4801
3092
3587
2839
2819
5669
1248
1571
4833
8610
5601
1955
3801
5257
9258
9155
9844
3757
6538
7162
2572
5618
9270
8465
5547
9025
6226
2624
3663
1199
5130
6132
6184
5922
6690
3227
1708
2491
0914
9563
8644
3743
9185
8045
8095
4349
4514
4798
5621
6330
5490
0143
1421
1593
4787
9249
2833
4880
8240
3255
0107
6278
0330
0451
4709
6723
9545
5792
0856
4138
5150
5897
2980
4003
1073
1031
0783
4336
2674
1340
4512
8987
5546
3308
6243
2877
3448
3649
5358
4161
3370
8273
7534
4182
3456
1866
1988
9231
6621
0182
2029
6620
1417
7926
4162
0867
9392
8466
1458
4611
4825
6823
4098
5540
8557
0003
3910
5094
9266
0189
6844
6146
0456
5896
5940
1069
4345
1790
2795
9213
9861
1302
8406
5789
9491
9338
2982
7578
9741
3353
0737
8276
3167
0749
2625
3236
6430
2663
5182
0725
1014
8244
1523
3059
3457
3254
3031
2514
2541
3065
1910
7196
4673
2478
6752
1981
4275
6662
3014
3957
6087
6634
1762
6591
2889
5640
3420
0931
8829
1052
1549
9909
5075
1933
1297
7250
8690
3025
3132
1190
3844
2629
5370
8734
0055
2776
2944
8753
5962
1363
1687
9725
0122
9110
6700
6117
3879
8841
8926
0128
5298
2984
1757
0813
7166
2640
4212
5874
0409
6780
4029
3883
6919
8917
9477
5193
0156
9247
6291
5051
8377
3946
6285
6821
6478
0830
7161
2088
6450
0896
9500
7807
5229
0371
5749
8367
8375
5638
6898
6037
1582
7557
3721
0606
5283
7064
1026
9535
6052
5065
7014
5356
0114
4873
2768
8575
3658
2595
2941
4435
7831
4783
3875
8083
9793
5535
5714
9813
7762
8751
1594
5334
3856
0718
7411
6122
6609
5418
3042
5048
2347
9847
0115
0913
6501
3514
9659
6860
7309
7476
8389
4150
3698
4133
5241
5711
0669
4060
4151
9619
3145
9732
1135
0079
3104
5513
3004
3399
4456
1222
4211
3011
7261
0040
7094
9002
0043
0470
8931
0210
6337
3387
1765
5980
4436
2340
5293
3298
8842
9245
0325
8139
8560
4537
8607
3479
4050
5227
9612
3648
8710
2289
6748
0888
5866
3002
2789
7117
8769
5965
3283
4550
1149
4559
7951
4691
7703
6384
1490
1986
2533
8384
3113
8118
8382
5433
8831
2981
9204
1188
4582
5538
3096
0894
4273
8379
2942
6363
1255
3783
9735
5221
3748
0190
1407
1203
7753
7657
9435
1950
6137
3791
4431
6839
0009
7414
9289
3550
4502
5995
9239
8520
1889
6127
7327
9605
9228
0534
1809
8145
0834
6375
8922
0270
3905
2749
3332
5902
5095
3189
8009
9620
3840
9705
2288
3409
7393
3689
7291
2429
1191
6321
2020
9825
7992
8194
3552
3921
9352
5864
7299
0218
2729
2602
6678
5275
9216
4339
9846
2526
9730
7626
4917
4465
7953
8004
7443
4555
3046
2111
4884
8578
1905
0530
0452
2638
7538
8731
0140
2160
4139
0123
8115
2222
7600
4009
0965
0953
3931
6746
5226
7385
0556
8955
6369
9314
1415
2274
6833
4290
5808
9144
2306
0560
1099
5032
2912
4904
9561
5987
8463
1170
5755
3714
5052
1601
6110
7993
9707
6906
6481
1953
1042
7977
6297
2470
5655
3665
6019
7030
9653
5913
7220
3452
6730
8381
1766
0430
7882
8667
7866
9390
4583
8728
7536
8949
9138
7140
3727
9548
1153
1265
8090
0172
1595
6415
8803
5158
3882
9915
2576
0320
9767
2451
1565
3652
3259
7894
5849
2480
3565
2354
5732
1837
6218
2248
2837
3022
1384
3719
6349
1877
8793
1914
0209
2374
7283
2586
4653
9879
3620
1001
3602
4348
6952
1977
4715
7706
5144
0679
7936
4112
7174
6994
5842
7629
4668
5639
9827
5688
1847
4760
4051
5876
5564
0637
9903
1051
7614
9301
0707
0174
0067
8477
5090
7678
4350
3998
6976
8535
8913
9038
3351
3074
7210
5436
5213
0622
5102
3629
9051
1477
7512
3740
2324
0450
2130
4836
4090
9387
7535
9320
5615
5537
1450
6078
6242
8113
9591
6522
7269
1562
5522
3529
1441
0074
2815
9675
3396
9508
2711
6373
8543
8786
2856
3720
4308
2295
6293
8632
5994
1376
0091
9701
7042
5246
3734
7350
5274
7007
2516
2152
1739
1039
4762
2103
3163
5785
1444
4257
0408
7421
6613
4861
9335
8386
1055
0807
6246
8011
5909
2553
1332
2885
6272
0964
0099
7108
8682
8912
1971
0213
1522
8884
7603
2120
5336
4517
2127
2278
9562
5944
9277
2175
8413
1666
3608
3824
1869
1619
4633
7650
4956
2585
5583
8647
3691
9429
1430
7868
1516
4806
1852
0135
7956
1280
2987
5840
9737
3542
7101
2751
7238
1434
0429
3197
8853
1524
4730
4434
9740
7262
4815
9519
2558
2139
0659
8332
0369
0701
2919
2216
5637
4352
8303
5014
1469
0747
8676
5716
6926
2868
4901
7178
0983
3434
0927
9238
5302
4848
7635
4628
8376
3386
6685
0310
1722
0564
1644
6397
8364
7875
4377
8635
1979
3958
6013
0984
9977
3444
1072
9557
7931
2301
5012
9552
2312
3044
1050
1164
3140
3352
6629
9423
8981
3808
2807
1683
6012
7098
9322
6792
8972
0359
9243
3551
6377
1884
5465
0444
9381
5290
7047
3170
5595
1853
3180
5041
6813
4700
0078
9251
0404
1030
6779
2617
3528
3986
8940
6766
1587
9061
0334
3008
5571
5661
1393
6303
1488
6155
2507
4568
0819
6589
6537
2471
1614
9242
8870
2032
6807
3083
2994
9287
0070
9433
3299
2890
0401
2389
0682
8860
9953
8663
0609
0768
9093
1780
4567
7919
8161
9005
3228
1756
0318
2772
4130
4630
3233
9167
3755
0117
6928
5958
6810
4271
1122
0180
2803
8098
0229
6283
6965
0262
2948
8906
9910
2082
0681
7877
3194
7105
7941
0337
9794
2011
1431
2512
0776
3280
4457
1541
9858
2708
9581
1193
7806
8840
6838
6304
5311
5727
4855
2466
7617
3926
7462
9956
6891
4867
1716
3382
8037
1600
8467
5722
6572
6884
5157
3141
3142
6668
0513
3266
5784
7837
8024
3249
2579
0193
9073
6664
6345
5573
0223
2656
5287
3365
6692
6505
8941
8266
5703
8460
6168
0956
8147
8342
9626
1583
1856
5478
6745
9042
7883
6955
3310
7280
4824
6240
2547
1513
8501
5282
5510
2380
6720
1676
4154
4588
6824
5281
6984
7257
1764
7593
2650
5045
6302
2123
2093
6972
9318
2052
9460
2831
6594
1037
0004
8008
9869
5890
4907
4378
8058
6907
8334
7439
3955
8106
0235
4552
4086
3725
0532
9543
8452
7967
3775
0923
9570
4674
2900
4548
0602
3155
7604
3912
5777
1024
4031
3705
7260
4073
0710
6101
3692
3655
9315
6872
3834
7265
4744
6202
5035
3323
8212
7742
4629
2360
9428
7666
4066
5203
7697
1251
4608
3571
5837
9919
6886
1932
7278
0915
0376
2683
9757
6441
9949
7116
5961
2008
2117
1226
9447
1275
4380
8414
1085
3520
6212
2195
3475
8032
0739
2178
5403
5113
5861
1997
9490
6777
9589
1976
5381
0237
6025
2293
7398
0786
0587
8018
2695
4965
2137
7711
2421
8909
3697
2907
0897
5216
6903
9942
7432
9214
0516
6165
1732
1781
5001
2344
5181
7342
6482
5079
1964
4007
9084
6826
8293
2002
3760
9891
1252
2305
0744
7681
4499
6650
7035
9489
4526
1341
0994
7246
6679
6814
0017
5514
0652
6768
0542
8387
3016
9019
1774
8718
7541
6358
9839
8020
0763
3213
7028
0865
6870
0220
9372
3814
4253
5166
8837
7311
8122
8050
6990
2018
7817
5259
9166
1284
2875
5117
0045
4463
8606
4241
8149
0970
6405
1225
0949
9875
1359
4812
3239
7322
5335
4685
6533
3124
1568
7911
4508
7218
4187
2867
8210
9476
0488
2247
8471
9063
0164
7587
9607
2258
0692
9449
7344
4905
9634
1731
3128
1665
6862
1725
5820
9420
9323
3273
4276
8546
5333
7440
3441
2559
6320
9463
6904
8681
3693
8680
4405
8813
4109
8854
3196
7244
8433
0031
6980
4637
5920
6312
9275
0260
2961
5309
9160
0653
6112
7876
8491
8294
3471
9946
1128
7610
9210
8645
0161
3252
4437
5448
7586
7721
9444
5481
8993
7251
3963
9089
0256
8443
0038
7049
9645
2659
0852
6204
2188
2250
4278
4923
7469
5236
1779
4680
9708
9578
5543
0485
6619
1370
2017
6271
2383
2182
7104
6164
6830
9421
8581
9461
1876
5054
1194
4663
0760
5857
2357
6640
4626
7498
8714
6607
1848
7199
5164
0393
5609
2042
2620
9178
4761
7791
0234
8268
6224
0459
6120
5680
0403
1183
7973
8861
2257
9261
7738
3724
0263
2960
2918
8093
2037
1729
1819
5124
0562
9553
1576
7785
4272
1389
1287
4305
2150
6659
8530
8295
6540
4714
6732
5816
1528
8082
3416
5217
7082
9438
1124
5677
6464
5301
1084
9305
6635
7834
5811
0904
7248
5527
6487
9981
5882
0654
5352
4369
2464
8619
6466
0106
4277
3979
4094
1989
9408
9163
3850
1759
6970
9896
1416
4862
3915
6897
8401
9302
5271
5798
4005
4606
6695
7226
2384
3385
7420
1263
7949
1318
4879
6273
2799
5169
0124
6902
2828
1187
0728
2691
3845
3467
3562
7239
8187
2151
8897
1927
1093
1195
7182
5101
6104
6681
2538
7487
4106
0477
7176
1890
1717
8577
7481
0044
2090
8865
6711
7247
6364
0750
0254
0936
7879
5647
0259
0688
9494
5679
8730
5606
3628
6977
8398
7369
3682
3480
9432
9647
6737
3573
0021
9212
4225
4576
4077
9633
7461
2166
2068
8278
2544
4872
1758
8236
4857
7029
9161
3306
6769
7540
1572
2177
7473
0449
6298
0261
0494
4072
2165
2044
7204
5921
4451
7120
9990
3177
8069
8929
9989
2317
8868
7855
0096
1640
8331
0496
5610
2975
3006
6949
0854
2031
0998
1306
9900
5739
1272
0604
3804
3694
5769
5993
9366
4739
4104
4978
7601
8815
4121
0626
8507
2584
0734
4135
3763
0675
5372
2690
5572
6675
5542
0877
6279
4452
3907
9978
8571
0740
3342
5344
6074
3419
0102
0738
8150
2211
0424
2348
8661
0093
9173
7975
1573
3260
0197
0420
9342
9253
0951
7230
6388
8846
0211
9729
6735
3764
6305
1157
9233
6091
3169
4805
6049
5833
8152
5915
0338
2797
0483
4461
9882
9962
3356
9486
5577
7845
3595
8174
9188
2447
1139
2013
3911
2536
2654
0445
2913
8299
3908
1664
1338
2607
9475
0766
5748
2550
6704
8485
2434
4391
1798
9170
8604
9640
7130
2614
7668
1937
7702
6004
3048
2688
9291
3576
2026
7073
5951
0191
3736
1028
8416
2780
5457
9265
9094
6067
1080
0226
5365
7354
6749
9567
4359
5382
0700
2363
1531
7860
7902
8429
9750
5825
0715
7594
8620
6986
5702
4411
8310
0925
0290
3216
1709
4105
9334
9071
9288
9236
6523
3490
9856
7718
6716
8740
1939
5487
2760
3220
0820
8317
8608
0105
9681
9644
8086
0265
9425
8306
7198
6296
5391
0636
0779
0689
1382
9733
6106
2988
8096
3646
9872
6705
4503
7722
6083
6179
7651
6076
5672
8351
0601
4296
2715
1881
6760
9102
8568
4519
4124
2237
0307
1635
7195
9632
2858
3953
2866
5437
6617
7680
4856
4866
1945
4613
1688
8705
8898
4426
6314
1142
8888
1314
8907
6472
2817
4222
5296
3752
2560
1401
0065
8154
9016
5941
6010
0144
2724
8454
3788
2997
8257
4168
5780
3925
0046
5838
5492
7243
0227
4032
2895
5929
4998
9168
6756
1992
1367
3533
7890
8369
2036
1062
2094
5263
5272
6406
9030
0095
4002
1529
8012
3784
0985
9353
1807
3978
1276
7234
6915
1320
5242
4460
9678
7704
8881
0729
3611
5935
1236
0019
6190
8396
3872
3538
1470
2264
7825
7805
6612
6477
6922
7341
5297
8536
3007
1533
3919
2119
9255
1035
9870
4664
7392
8986
0252
8855
3604
1213
1948
2849
7389
8173
4173
9184
6326
0889
5653
1834
1734
0378
5004
2432
3934
7457
3491
1616
3543
3971
1501
8030
9677
2135
0920
1672
2475
6473
3823
7212
6263
4573
7981
3085
5949
0379
1566
5464
8795
6852
9602
1699
3173
7478
1972
2477
7648
1018
8178
5168
5201
1871
3737
5738
1262
2332
2945
9830
7323
9022
8724
2281
1074
7827
5806
9817
6966
2731
0723
8779
6496
2497
9706
5819
0028
0551
1677
0141
5491
2231
4585
1643
6355
9015
1973
0053
9622
1000
4654
8951
1878
9341
7574
4860
3182
7310
1818
7437
1360
5821
8814
2079
8204
5960
7996
3512
3966
1968
6393
8617
4221
9832
9183
0745
5025
1012
5720
9752
9695
8034
4974
8879
4549
6857
2499
5746
7307
9880
8889
7221
1070
4382
8070
6413
8455
4770
0436
4776
5077
9939
1737
6432
6773
3160
7378
8589
9175
0391
2372
6483
9393
6030
8548
8958
8787
9244
9479
1682
0864
7998
1409
8555
8996
8308
9782
4969
8065
6198
9738
5604
7313
7590
7751
0332
8388
2134
3242
4843
1103
9823
6875
1009
3913
4646
9763
9582
6910
7622
1451
1486
7097
2953
0069
2943
8989
6020
4775
8076
4103
4312
0574
5439
7966
9474
5115
3717
6143
4237
5734
9317
2051
5087
6555
4194
9278
7917
3164
3995
2598
8474
1160
9109
8432
2489
6484
7041
9207
2741
2439
7920
2251
2524
9709
7947
7373
5438
5050
6684
2556
0396
0549
3257
7187
3427
0568
2876
4841
1829
6119
7334
3675
8517
1615
5171
9576
8280
0145
5237
6107
0979
0611
4294
6169
2412
2784
4054
8766
8337
2655
2300
7522
0784
4725
1253
9462
3392
1707
6206
4826
6489
2791
7741
3198
3114
5826
8985
1938
5926
4495
0348
5710
1460
5855
0324
3473
3481
6005
1426
6736
8271
8599
4938
2678
9056
1518
9857
6637
5472
4199
1499
3095
2869
2284
5415
2792
9059
4684
4652
4657
2467
6585
3461
3329
0405
4021
4802
4962
8901
6953
7270
3700
3555
9943
4082
9264
3240
2465
7676
8026
1047
2239
4972
6786
8746
5634
5880
3837
7429
0987
6502
5692
6115
5812
2855
6176
5332
7460
1646
4091
8445
2660
4318
5723
4883
6551
4758
5973
4527
9440
8092
6365
4640
6255
6376
1339
7433
3445
8207
4574
9029
2701
1260
4898
9325
5114
6325
4466
8990
1692
4477
6270
0842
8365
2164
4955
3601
0278
7033
7755
7450
1923
9820
9983
4238
4037
1586
6660
7897
3938
2114
7960
7669
2999
8499
9521
4017
1835
0788
4631
0417
3716
6877
8857
3462
6996
8544
1936
4026
2382
7950
8927
6084
9974
8340
9117
2349
3506
3218
4099
6982
8523
9326
5652
1514
9027
1761
7886
0339
1358
9430
1849
3146
9760
1556
1495
7912
3081
6129
7079
2787
0667
5570
6136
9784
7863
8053
8862
9356
2070
8934
8275
2966
3035
5854
4999
4469
2420
7579
5651
6387
0641
4047
1832
4492
9298
6863
5964
0192
1836
3922
0153
1720
5398
6070
8540
1694
1536
9566
2273
2214
0333
0528
8261
1940
2505
7149
2591
2122
3640
7297
4311
6530
9609
3348
1270
1874
6546
3704
3465
6552
1841
8709
9921
3121
8554
3970
3626
7616
0591
5038
4097
9525
8592
2327
1249
5852
9877
4304
9066
5783
9670
9209
4315
1689
6518
7224
0519
5988
6560
0291
1342
1110
3286
7943
3328
3355
2069
2519
7467
7699
3500
0296
5156
7501
9724
7039
0397
8458
5636
6908
7133
7442
8326
3384
1020
6563
7463
5612
0623
8105
3759
9881
7907
6869
9035
8561
0489
6615
0111
7779
2590
7935
1053
4755
5143
3932
2365
7163
8512
0295
4167
6209
0355
5339
2762
8434
6102
4753
9026
6579
6214
0511
8887
8936
6887
1471
7978
1918
8329
3312
6403
8687
2548
6785
5781
4813
8292
1857
0664
9987
1792
5684
2390
0368
6065
8956
2949
2967
7774
4015
4544
8609
7335
9158
0427
2669
8502
7850
5975
4661
8415
1108
0503
8819
5824
0068
7338
5097
7491
4524
5273
1196
9112
5378
7112
8738
6626
5186
7466
8343
9116
5454
2615
2939
4828
9482
7786
1714
9556
6371
3933
3217
1063
6753
4497
7909
5058
7983
7081
1900
4397
3930
2904
1036
1064
5268
6718
6217
0832
8660
2578
9702
3726
7004
7125
2979
1061
7914
2189
9822
2813
4643
4945
6861
2525
5828
3411
2680
7458
7747
1462
8335
2863
5444
2443
9179
0166
3397
5480
6743
5132
9642
0306
8809
1915
6213
4532
9558
8805
6562
4810
0492
5250
7496
5037
6550
1926
3917
7252
1259
1242
2722
8720
8408
6433
1117
8808
5442
3470
1215
7395
5665
0062
4671
6707
3020
6348
3982
3526
3546
3722
6191
6404
4324
5305
5928
1515
5977
7568
9513
2368
8558
1134
3816
4160
9614
5580
9674
7036
5579
1208
6182
5192
6347
4656
6162
8654
3874
1088
8765
5394
7051
7305
8169
3009
2657
1315
5963
9304
2921
1378
3929
1904
7455
5818
6455
4992
0663
5954
4019
1121
9511
8744
8119
2320
4467
6156
3116
5996
7241
9282
4197
9931
3556
1068
9485
0518
5446
8495
6152
2024
0212
9339
9262
4447
6219
9795
2430
0960
4231
1220
0005
6796
8717
8662
2136
3073
8412
2603
5190
2028
7859
7903
2914
9854
1058
0702
3127
2053
2769
3018
6793
4363
9818
5743
3078
0863
5252
2415
7548
4987
7091
3839
1292
7062
1017
9541
1660
9800
9363
6417
6027
1237
9831
1138
2133
4371
2296
2985
5284
2403
5900
8973
6924
7969
0243
1580
1998
8305
5255
8531
8777
6722
4353
5359
3799
4556
3511
6443
1323
3138
2270
5699
4658
3702
5084
4538
9018
8745
1410
7143
8732
9053
7485
6677
3796
2962
3782
0264
5304
5917
7017
0309
6309
6868
4852
9664
4342
8349
4686
1701
7132
1959
8944
7719
4223
1778
1454
2326
4732
3199
1497
1885
8450
4979
1146
1552
0203
2592
4464
2226
7959
9947
8567
6098
1838
0844
7160
0932
2860
3453
4913
3019
7539
4980
7867
0507
8104
2532
5892
3942
3157
6511
8715
7989
3238
9720
2523
2924
0387
3609
7060
2043
1794
4528
9672
2745
8782
6873
1105
3282
6319
1978
5318
8976
2019
0731
3425
8130
2057
9573
1984
4180
0281
9734
2991
0939
1310
7730
6888
6899
4489
5310
6811
6656
5106
5267
1177
7430
4689
5598
9845
0081
4961
5682
1319
1387
6167
8768
7003
9087
6318
2236
9007
3683
4869
7423
6845
2492
2790
9337
2601
1776
6956
2027
3968
0918
4433
0880
2517
0555
5254
7213
0922
4389
0572
4249
8954
7948
9504
1221
0282
4575
0125
3892
1224
1144
6914
1534
4192
8044
6652
4303
6800
8368
5831
2311
6399
3394
4624
6040
2213
5701
3812
0902
2543
3831
0798
3901
8656
9003
1510
6964
7575
6697
6676
0857
5914
0855
3731
9100
0882
1129
2210
9332
8903
4888
0843
5836
1831
4323
4834
9920
3586
2146
2927
9937
6725
8110
1630
6421
4894
6633
7259
1408
5218
0815
9980
3674
5174
4764
7449
5625
4376
6497
4075
3115
9639
3032
2445
0989
2364
2180
2440
9496
5563
1147
0208
9751
2215
1920
2852
7426
3741
9140
6350
3079
8407
1949
2461
9321
4242
7360
1952
9437
5368
1109
3544
4325
5059
6024
0823
1288
1579
2777
3123
1641
8593
6446
4038
5865
2479
4618
0706
2062
0047
0839
8807
3738
6913
8027
1316
3818
3560
4128
8423
6506
9888
2842
2531
2820
8472
9595
4422
9182
5829
7822
5664
4486
8655
2534
9801
9885
8677
5016
2208
7150
7517
4462
5624
1888
1628
7561
5875
5519
0890
2343
1349
6454
0955
2972
2169
8287
6771
0033
2830
6281
7862
8721
8201
3334
7954
5175
8267
1827
6000
1125
7399
8238
4737
3496
3417
6426
3349
5925
0504
2161
7636
6631
2322
8233
5211
4142
0758
4660
7595
7619
4827
4650
0940
4553
7972
9497
8031
4641
9498
7728
1777
7974
0100
7847
1606
5064
8634
4772
6378
9371
9790
6896
9122
0090
4953
9407
9917
0529
5131
5461
5098
1813
7516
9600
5204
7227
4357
5733
8081
5142
5474
5176
6916
9906
2138
8869
6380
3916
3418
6667
4799
2648
1355
0495
5430
7898
4593
5316
2033
5479
5414
4722
6628
9481
0814
1233
9598
3585
9199
2561
2369
4816
4562
3487
7675
0151
9517
1967
3069
0287
8061
7451
1921
2294
9976
7698
5445
3951
3192
9357
9114
6058
5138
0399
1691
8542
1850
9585
3935
1369
6295
9568
9104
9799
4777
5328
7606
0322
0350
3906
4874
2271
9412
2528
4662
7085
1227
0160
9050
8529
3770
4076
7640
9655
8461
1607
8947
3433
0478
0751
4959
1321
5782
6032
4227
2314
0726
4939
0412
7510
9469
4751
9792
2752
6843
6338
3833
8904
6093
8363
7838
0113
1830
8167
0222
7115
3811
7157
9808
4890
8943
2091
5906
5725
3235
0482
1483
0010
2801
1202
1010
0872
9405
8241
9533
4488
4045
7452
7083
8062
4404
5197
7058
4738
3535
9776
0054
3522
2427
6689
6817
8066
6038
7225
1334
3398
1234
9621
5693
1693
8923
9836
9699
9060
0597
4804
9124
4420
9484
7200
8574
6028
1096
1113
3363
0406
5992
1448
8395
4354
3376
6674
8357
2290
3547
7605
8573
6002
2003
6205
2698
7563
5153
2739
9789
5642
4328
1489
8527
4441
7686
0214
9256
1006
6495
3122
6150
0230
1498
7123
3027
3941
7189
1049
2176
4511
4542
1816
8391
7537
0360
5456
7888
0635
3855
6287
3612
1771
7813
6946
0030
2424
3301
8203
8142
1872
8473
4968
1380
6500
6160
9156
4596
3835
1428
8830
4675
5967
2938
9932
8409
0691
9528
7615
6370
5991
3410
9859
8788
5249
2518
3052
7696
5764
1422
9982
8945
2758
7025
3809
7394
2268
3521
9224
2198
7034
3993
2847
7295
2331
1273
8713
1104
7655
2023
1166
1496
4989
7477
1963
3187
6253
7155
4943
5622
6829
0599
8483
1873
0603
8651
2423
3415
7019
4396
0743
0347
1185
2871
7075
6687
5214
4876
4899
4087
1711
0225
7090
2577
7649
2704
8362
2098
7397
0328
9200
3265
7693
6981
3120
7206
5706
0608
3102
7965
8516
3810
8102
4202
3772
0521
9221
5916
0453
5327
1133
7849
4840
3997
5860
0346
9397
4697
0610
5020
1485
9979
3285
5668
1602
9608
9386
9085
5497
7607
8756
4293
4421
1013
2196
4096
1429
3975
3483
0001
9968
0539
9971
6763
9150
0746
9448
2917
2428
0311
8468
3165
8871
2737
6963
1922
4329
9637
9181
9222
2233
8478
9868
4155
3709
3137
6036
6448
2204
6606
6544
9415
8028
9223
4004
1743
2054
3579
5632
8737
0805
2725
4165
7479
7880
5574
2125
7661
8063
0363
8522
2679
2337
7618
0698
4343
9796
0352
8225
1398
8689
6145
4750
5314
9651
6275
9055
4172
1352
9103
9292
9736
8974
6686
3836
7468
0380
2143
8456
7138
2488
8493
4316
7349
6943
5260
0150
0757
0241
1763
7136
5810
0428
6849
3753
8021
1330
4614
5695
0992
0097
6588
2826
5851
2171
1100
2958
4219
0414
8399
2775
3876
8144
7994
5754
4785
7620
4320
3215
7731
0297
4245
2995
8924
8347
4413
2641
9824
0446
4326
0878
1209
3034
4623
7858
6372
2190
9966
6513
5428
9455
8010
6767
4418
7089
7388
1961
5635
9362
2398
2431
5594
7798
5881
4351
5383
7229
5885
6431
1650
8138
8876
1178
0460
8562
0204
7688
7756
2809
1487
4408
5189
3687
1168
7942
0741
7766
8952
1795
1581
3106
9636
3653
4027
2539
5040
0841
1281
2870
9577
5623
8157
6921
3651
9683
5983
3234
7005
1437
0753
3961
6757
9941
1812
7777
8783
4742
3038
6568
1704
5616
0493
6256
9890
7400
5932
2456
0236
6300
0248
8184
6177
6710
7839
6245
3492
6440
1484
8896
9431
7757
5884
5451
3937
8162
1557
7602
8259
3991
8309
9457
1684
0802
4334
8750
1744
7804
6045
7407
1307
0060
8648
7963
9070
7009
1293
3645
5584
1882
4392
1553
2396
7015
3287
0759
0722
3923
2883
6474
6428
2836
4934
9887
5350
2770
8583
1786
4561
0778
3568
9120
7192
4299
0755
4925
0571
2990
3618
8669
1772
8218
2476
1578
9765
4579
1211
0720
6447
6412
1530
0341
8341
7302
8826
6398
7865
0968
6580
9145
9812
0886
2600
4419
5027
6962
1669
8566
0704
6051
5745
9992
4820
7546
7489
1895
0008
8383
2920
1424
8457
3318
9000
6632
2754
0954
2684
0665
4458
3501
5523
4159
4564
8747
2309
0275
5373
6257
0678
8823
1180
1044
0780
7084
5931
3863
9899
8064
5319
4781
9532
5026
3241
3530
2241
2186
0373
8315
5294
9780
4470
8688
6596
8131
9133
5801
3443
4601
9380
3821
3130
1928
5919
9365
7987
1418
8722
9143
6381
0810
5303
8148
3039
2266
3756
1371
7418
1894
4108
8965
9711
0754
1537
3797
0651
4071
7916
8316
7159
0195
6878
5841
6077
1343
1804
7659
2335
0183
8180
1663
4186
1814
2275
9272
3357
3981
3428
3294
0285
3960
2425
4260
6882
3583
7848
9940
9744
3050
3151
4903
7685
6282
7754
9250
2167
1612
4501
9669
5807
5494
9091
3373
0077
9086
5073
3561
6967
5593
2702
0717
9860
2220
9125
3841
7592
4602
6890
2822
4291
2256
4868
3730
5000
3800
6059
2468
5399
8937
8285
3641
1623
3647
1808
6178
3202
9367
5853
4541
7027
8047
6979
5641
8156
8880
7502
6900
4481
7071
1200
5212
7550
0467
3596
0207
2145
3036
9510
8017
5159
1870
5407
5030
7013
8215
8863
8900
9134
7988
9079
8891
0933
7759
3053
2756
2021
3988
0781
7096
6416
1002
8749
6442
2235
3144
5607
5814
6161
4672
4518
7249
7012
6578
0181
4509
4718
8584
6197
2244
9631
7500
1912
6576
9515
2713
4997
5380
4372
2971
1942
5140
7526
5409
8982
5930
3033
1120
7370
4740
3869
0772
4607
4977
4033
8864
2880
3010
6920
4729
2454
9766
6056
0976
6548
0697
8100
0118
1597
5503
1245
5805
5447
7778
9926
4600
1782
0966
3150
8964
9963
9057
8600
8890
5611
2922
2764
3161
6532
3175
8762
9584
0893
9350
3676
0624
2565
7022
3973
3023
1500
9295
5982
9269
6367
0358
2728
4521
5599
4800
0861
8245
1657
8248
3899
8704
6075
4008
9308
9761
3939
0127
0655
4991
7529
2535
9849
8999
5633
6804
9139
5691
8867
1453
4727
4040
2899
1680
5047
9555
5979
0563
7078
4590
8328
1098
2887
3615
0273
6717
5957
3900
4792
1115
0727
5185
6072
3990
9358
4067
8739
4845
0853
0548
1956
7554
0231
8719
8005
1405
2923
0238
3451
7543
5312
7689
3865
6761
9665
3558
2873
0139
6847
1620
7154
8596
2746
2391
5873
0036
5017
9758
3251
2959
7312
3208
3459
8818
4736
7018
5602
7821
8551
8492
6021
1844
3606
3380
3171
0012
5002
4534
0969
7040
0644
0083
3581
0619
2554
1041
2570
8074
1351
5879
9472
7895
8206
3472
2909
8792
8307
7380
8763
1161
9787
3842
9279
9973
3962
2593
8033
6929
7846
6651
8430
9267
3706
3928
8453
2727
0849
2283
3729
5938
5128
2582
2203
3149
9668
3557
2705
4581
9828
7336
2726
1131
6880
5741
7549
6694
7020
7168
0317
3541
2006
5240
6584
0554
3575
5524
1911
6669
6565
3424
6879
5889
8628
5650
2723
6582
0199
9588
9592
2417
1735
2609
3245
6329
6559
1727
2287
1309
8649
7402
0200
2174
0170
2066
1570
7209
2812
1344
2361
2935
2162
1728
6223
0937
3780
9141
6643
1445
5467
8165
4578
8220
2829
3305
5620
7318
7566
2050
4018
2587
2495
9369
1329
2509
7274
9536
7864
0308
4599
8939
2381
6600
4056
0883
2038
4157
7990
0023
2333
6969
8624
7415
5758
0502
3389
7147
9925
1283
3708
1383
1040
0006
5405
9097
6139
7933
3598
7979
4215
0076
4368
6987
9731
1475
0978
1299
3330
7016
8270
9248
8845
2058
2280
9259
5905
8208
0484
7819
3368
4110
2596
0696
3592
7031
4584
3881
0578
9202
7553
7795
6185
4847
2632
4794
5118
0133
7023
3438
9997
8124
0479
6061
7511
8942
4116
5343
0398
9715
1173
6812
2998
2473
5055
3143
5292
2709
8068
0909
9416
6828
5578
4403
8085
4402
5018
5803
1247
1502
0676
7737
8300
2882
5910
3377
4298
8810
5179
7135
1891
1305
8040
9867
0908
6575
7107
4191
7273
9516
7288
7405
8960
0413
9930
1685
3909
1392
0999
0272
9354
3051
1364
2438
5786
0938
4344
2588
0812
0598
4616
9934
9781
1140
1438
0246
4627
3712
5533
0433
9593
4533
5863
0205
2254
1425
0924
5856
5972
1267
9748
0836
7760
3679
4438
9643
5791
7823
4515
9610
8298
9907
4256
3980
6654
9969
2378
6029
5162
6009
6290
0432
5123
5155
2821
8504
1626
9691
4181
2763
9523
5908
4307
5119
4158
1181
7946
6343
2192
6893
5613
0792
8260
0319
0881
1394
6174
7410
5608
0847
7422
4013
7854
5539
7038
4587
2733
2108
1075
3898
0656
1867
8961
7609
3959
1887
4331
4265
9615
7851
9876
7525
0400
6188
4975
0177
5871
7884
7901
4547
4317
5062
5759
1775
1508
3830
2325
7290
0245
0411
9375
8213
5234
4531
0945
6932
8796
7277
6774
4908
5103
9020
7293
9596
9360
1216
3987
1447
8486
9923
3637
1947
6942
2462
1674
9483
0349
8193
8614
9113
0448
3333
5705
0167
0301
7359
9986
2738
0356
6391
9041
4319
6954
7808
1322
1738
3532
8205
2064
1797
5404
3685
8970
0732
9807
0895
4220
9901
1608
8283
0134
1629
9153
2963
2643
6088
6221
4443
6166
6163
2557
3319
8014
1718
9283
9538
7589
2328
9069
7103
3597
5452
3207
5512
8125
6323
7781
5724
3279
7899
9754
6526
2937
4747
7503
1681
8611
7940
4117
3247
6436
7099
0837
5388
2346
9487
7521
2767
0080
8820
3969
3339
1840
6762
4957
5947
1585
9871
0662
2225
5285
3264
8784
2376
3632
6034
0267
3407
4560
8373
7372
8978
8534
0797
7646
6727
7624
8895
9728
6611
3878
1457
5387
1317
3072
5206
0537
6815
3992
8279
0910
3080
4831
8487
1686
4677
4692
8120
8995
4924
0533
0517
1198
4933
6335
6220
0891
6573
8563
4332
3327
4484
9215
0980
5946
2850
6858
7637
7375
9237
4107
3825
4976
6086
1673
7591
1962
5136
8821
8344
8318
7800
0137
9613
5202
7547
8833
2407
9082
3670
2861
4796
9218
3672
0818
0244
0900
2371
7222
6608
4454
9434
6558
9368
0579
3068
3290
6593
9010
5184
9564
8553
7165
5715
6438
6362
2721
4210
6951
1622
0512
3776
8277
5666
6741
5628
9834
6310
6754
4236
4001
4717
1308
0668
3094
1690
4153
5148
6064
0946
3564
4134
1414
0476
6937
6386
2992
4044
5605
4127
9230
9646
6941
4993
4558
6331
9402
7670
0584
4423
2755
4089
1845
6622
3291
5466
3314
4572
5504
5815
9186
5277
6639
6571
9961
7300
4485
3071
8001
1863
3680
6126
1015
4694
3064
3129
8022
8330
1525
4539
4679
9439
1577
7732
8135
4774
0559
2015
8526
3272
4779
7494
4270
7480
4516
6894
1826
1231
8851
5516
3172
5681
5426
6289
4983
7048
3341
3858
6974
7505
0342
2366
4807
9544
2630
3594
5453
2853
4398
5005
2100
2693
6301
6092
0187
3699
9850
0613
6586
6724
1290
0221
3082
7266
0098
1648
9452
1567
9012
6993
9843
0674
7379
6702
7292
3043
7356
9679
2118
6543
2263
6649
9065
8345
9297
5233
7958
9151
1770
3162
1859
2681
6222
4395
1354
0422
8643
8834
4478
0845
2759
1246
4713
5614
6553
4752
4446
2041
9945
3097
0821
8843
0860
6148
9594
9052
5258
3067
1298
3577
5009
0670
5565
5554
5459
7796
1825
5956
9884
5395
7296
1862
7214
4823
4950
0693
2085
7761
7530
9203
7406
7142
2794
8916
5198
8835
1892
9687
2276
7197
2874
4147
4832
9162
2898
3133
8930
7301
9345
6294
7515
8419
4598
7390
9014
2635
7046
2604
7148
9714
4204
7333
9546
4385
0037
8892
4830
5567
2267
6210
7053
6528
9083
8301
2483
7002
8525
2622
3967
9662
6046
2441
1574
0777
7913
1379
2170
0930
2072
6856
7705
6978
4773
7474
8346
9616
4063
7581
2147
0057
5937
2537
8729
9654
2095
5245
1893
6453
2141
8785
0315
4622
9716
3567
7583
3366
4822
7459
0165
7533
2155
2109
4229
5978
3616
9077
0216
7267
3886
9503
1206
4745
4309
0056
0620
0565
8638
4208
4566
3527
9132
2778
2612
3751
6493
5183
1604
8239
0431
9034
3813
3311
6193
7057
7684
0423
6418
1373
6854
3893
2457
7412
2230
0912
3274
4445
1760
5765
5346
6459
3795
8630
6151
2964
2513
2228
2720
4676
6374
2392
9965
3055
1132
3948
8137
5998
6688
2551
7789
5299
4081
7873
6598
2730
3193
5015
5163
7339
2811
9684
1386
6299
8410
7436
5766
6123
6820
1092
9187
7201
9310
0833
5894
2458
9040
6930
8029
7179
7024
8969
5313
0365
0388
4580
0086
2916
5338
3668
8079
2859
0649
6396
3852
8227
4235
9107
1081
5468
8678
6394
1452
5999
8451
2757
8514
4216
8605
6661
8886
8264
9853
6233
9419
3924
4069
0232
0147
7223
8099
5006
9883
6470
3758
5238
3186
8179
6400
8426
7431
6706
9426
8878
7638
1005
8077
5576
3154
4707
3669
2498
6422
1186
0382
7672
2089
7121
2707
2796
8421
5678
1217
7729
8579
7417
4704
1150
2810
5736
2765
6509
0407
5575
7767
0944
7955
0870
6751
8748
2552
2611
5049
7938
9076
8613
3184
9108
1123
5379
7386
8265
5627
0154
1325
4113
0215
2793
8359
6434
4818
1056
5969
6409
3304
2144
6468
4178
6142
9074
3292
7527
5419
5469
9280
3176
9048
7454
3798
7518
5161
5340
7758
4793
4854
8133
4577
4367
3206
4850
6859
6731
1397
8057
2316
7346
2253
9028
0052
9217
8711
1295
4563
2219
1886
6542
8752
2673
0581
3168
8269
4846
1256
6187
5060
6411
7448
4468
9526
2157
4302
1558
6248
3440
8016
8770
2934
1083
7853
1700
7843
8921
8825
8219
6254
3820
1613
5560
1590
5532
8856
1175
3733
1907
3688
0152
9453
9855
3303
6755
6508
1710
5429
5400
5531
8449
9260
2692
8953
1861
4036
5475
0217
0499
6048
9442
8797
3486
2040
9579
3534
3062
3219
8515
1239
7573
0112
3643
7348
6467
7175
3195
7308
4932
0567
3288
1668
1336
6939
1032
9924
7961
6842
3221
2387
9803
0961
3580
5083
4767
8361
1442
2823
3936
4949
3463
3505
0561
5471
2207
8799
7000
8935
5435
3076
8103
5933
5671
8431
7092
7391
4327
8508
1003
5224
4115
9146
0289
5968
2717
3974
1726
1599
4035
5752
5307
9658
7726
8790
4209
5559
3321
7486
1817
8251
7630
1935
2511
7708
3621
0612
9786
6923
2800
4476
2530
7235
9769
8312
6480
3994
6196
1896
8670
4282
6936
6776
8052
8915
3531
6799
4025
8586
2529
0520
3316
4137
4399
0305
9456
7357
9944
2168
1269
0593
2307
6960
4061
7113
7514
8703
2983
5104
0300
1768
4897
7287
6189
1491
0782
0327
6935
6216
2409
6284
9512
2766
3827
1543
5869
4565
5022
8439
5704
9742
1468
1324
6465
0142
5209
3777
5056
8153
5228
3715
6587
0506
8175
5384
0903
4439
3118
6673
3426
1851
0840
7381
1082
2356
8327
2047
1396
8911
1060
7744
7208
6653
8255
3017
4666
0490
5674
8185
1678
4383
8725
9778
4207
9894
5013
5248
6889
9933
5832
4384
6733
6033
8967
8569
4724
6657
2986
7434
0119
0687
2096
2448
9747
5974
2442
1148
6867
2453
4285
6512
7324
8758
6670
1449
5551
9492
3447
9509
9379
3805
0510
6044
9296
6492
1404
7577
8356
3112
2568
5247
6026
0876
6449
1205
8354
0677
6260
2628
3390
4659
9450
1346
3903
8253
7282
6604
0917
0800
2142
0073
2779
3045
2413
5934
8159
7331
1337
2932
5348
9587
6186
1111
8089
8198
3806
1584
4179
4111
8441
4046
4936
5147
5520
4266
5127
3622
9507
1377
2060
3210
9067
3884
4877
6003
4224
0553
9821
8172
0544
6344
2416
0351
2319
9480
8920
7750
0185
7074
1654
3269
3826
9625
8801
5074
4853
4902
3159
1440
4459
5802
8490
8274
3703
8775
0018
0625
3861
4206
4723
2452
2573
7571
9893
2209
9459
4494
0711
9401
0175
6791
8698
2501
9685
4407
8716
2978
2670
6334
5817
1946
7447
7810
5659
7483
0441
9791
1868
9814
9779
1007
5649
9638
7114
3201
5779
7419
8755
6353
8256
1519
6103
8511
7495
4085
2245
7664
8231
5713
3793
0447
1527
3750
8928
8736
9527
2329
4743
8428
3523
3222
7403
6739
5187
2227
1016
3037
1493
1086
9349
3139
5036
0042
5795
5092
9410
6729
4365
6135
2637
1257
9597
3401
1773
3890
7172
8580
8134
3324
0809
8767
0219
5194
9348
6308
3108
1618
9648
1482
9838
8209
4200
8885
8741
9197
1993
5239
6835
8665
0708
9226
5552
9539
8333
0039
1300
6463
8597
3781
0858
0875
4849
9286
4982
2004
4795
3920
8691
1461
6016
8639
6490
8692
9049
9603
5366
0721
0085
9235
5110
6043
9826
3868
7303
6250
6444
5515
0540
7497
2857
4988
1624
7156
7095
6989
2110
1793
0526
4678
7710
7173
3047
0873
6392
5489
7772
0752
4450
0198
7153
3548
6261
7289
2292
5981
7524
8393
2665
9159
7329
6871
0730
7724
5850
4052
1004
4911
9313
2330
0364
5886
1824
1228
7908
0343
4057
5901
1975
1751
2000
0947
7765
5126
1419
3518
3084
4741
7382
6269
9263
6625
3253
0943
9998
8582
4043
9537
1059
4819
4695
7752
3012
7815
7264
2185
9994
8626
9698
6327
4228
4295
4006
3843
9809
5165
1951
9671
8773
4093
0871
0157
7490
9895
4844
4267
6570
4594
9951
6060
2686
5425
8804
3098
5129
2825
2504
5086
8984
4248
5557
9572
4148
2580
2078
6623
1547
4409
8500
3838
1609
1550
2930
9009
6147
7231
9011
7306
5354
2685
4545
8992
6008
5325
0735
7900
0558
2437
6853
8055
1800
5362
3101
3432
4615
7945
1443
1611
4681
0058
8322
4522
9171
1479
6207
9388
7773
7830
9004
7780
8975
7438
1990
7184
0383
1478
6111
4986
2667
7508
8237
4708
4252
7663
7736
3105
3989
8223
5883
5251
7717
8348
4233
3110
3711
6819
6057
1436
8221
4791
2446
3413
0972
4610
3276
6356
8859
7852
0657
7700
4125
2238
6105
1521
0022
0402
9394
5188
5406
9274
3610
0713
2414
9804
0791
5731
7840
5170
2827
6317
7286
6069
9152
6361
6360
7401
5460
3976
8158
6125
5891
2633
8533
4034
9889
9169
5146
0869
4520
9340
7695
4639
3148
7925
9398
4842
6241
6995
1822
3335
9148
7658
2903
9902
0471
4789
1662
1898
6531
8171
2884
1286
7613
1504
1575
7776
7070
6968
3613
3354
8321
0618
1353
4525
7056
4892
3508
8622
0104
4731
0524
4176
2562
8216
8850
4491
0589
6401
0714
9400
3345
1745
7021
5210
6359
6645
5708
9864
2156
0583
7585
0240
6042
0035
7237
7328
1136
3297
8873
1264
7177
7471
8071
4595
3822
8094
5063
2030
5341
9878
9196
3026
0416
3853
6288
1473
1627
5422
3107
0967
4246
4088
2818
5107
8844
5477
2297
0443
7891
8088
5631
5907
0410
2549
8702
4990
5367
8390
9957
4864
5918
5793
2158
5657
2459
1564
8684
7645
9424
9293
2061
1634
6215
3509
3678
4698
6225
3021
3956
5729
5859
3746
6485
4817
8427
1481
0188
9897
7272
0233
0699
4169
8168
5592
3754
5843
6333
9958
0803
1698
1159
3179
9327
1897
3590
4500
0522
5440
0000
3454
1439
0545
8479
8013
4258
6638
0390
3295
9142
0361
5401
8459
0547
2240
1712
3914
7441
3954
5558
5822
7340
7408
7216
1661
3223
5109
3214
5870
8806
6229
4645
0963
7109
8616
3859
9575
9319
9096
6022
6116
4337
7001
6471
2879
9628
8781
2126
1182
2285
2973
5089
5225
8541
4300
8224
8380
5039
7768
9172
0280
8072
5800
0827
6235
3742
3209
6933
7358
9361
7493
5548
0458
4039
5646
8587
4100
9001
8403
1532
2605
5353
1810
0592
6264
5550
7691
8003
7588
0716
6808
2336
5553
8252
2067
7828
5289
7532
5207
3185
7507
6124
7995
4479
5134
0362
7932
4095
2835
4981
7475
4058
8116
0345
7836
7801
8652
7748
0314
6286
1155
6507
2718
8625
0344
1465
7254
8838
8371
3984
9689
6905
8932
3871
2016
8073
9129
6149
5790
0671
5719
8679
8559
9127
3278
6015
6144
9502
4483
8128
2406
2619
5698
8733
1934
9703
7285
7782
8108
9680
4871
7642
1402
2485
8226
2626
0271
9928
2394
0497
0313
6410
3455
8235
0647
1106
2206
7465
5167
9927
2463
8672
4985
5772
4929
1843
0934
3183
6201
7425
8977
2671
4250
0634
0465
0461
7714
8054
3516
2571
1902
6911
8496
0386
8289
5120
3803
0569
1118
3423
7180
8946
5505
8151
8962
7687
9192
5069
3205
2893
8802
1241
7067
1679
1350
5493
4543
8087
5424
8800
9863
4605
8497
0621
3817
5797
6035
0974
3111
9177
8757
8503
8378
2594
1154
8296
4609
0899
8404
4554
9506
5501
8658
5760
4536
4314
1667
3578
3226
9501
3224
4958
7818
0011
3476
9590
5878
7374
0132
2706
4756
2370
0862
6583
5495
6504
5686
6180
2886
2653
6267
5507
8246
4255
8552
4683
1639
7893
6315
1554
5081
6328
6912
3350
1313
5585
7086
3525
9154
6848
7712
6627
1400
6816
6071
9606
9712
8612
6031
0178
4014
6424
5735
5848
9471
1243
8232
0986
1511
1201
1345
9717
5423
9721
1357
4970
9560
8164
9329
4269
0988
1254
0892
1749
5177
3504
3862
6765
1913
8627
6251
4390
2854
8629
4322
4170
0016
9111
3593
0389
9676
6701
3371
2469
5149
7809
3229
2520
2359
0919
9190
8588
9174
9054
8163
5662
0535
9294
0162
6959
9996
7787
4251
4642
8905
0811
0605
6698
9623
0082
3918
7743
5984
4921
9355
1941
2929
1696
3174
9023
0709
2154
5683
8971
6831
7986
0748
7413
9303
9802
2542
8664
2084
0061
2191
4140
0146
5253
7939
1045
0439
5485
3656
4964
8883
0466
0525
0293
3582
1279
0631
5262
4926
4952
7869
8489
6818
5230
4362
6324
8513
0590
1145
5654
9180
0027
6961
9232
3718
5673
4022
0973
3450
8938
2444
1746
2510
3442
6895
2846
6901
2113
4612
5721
7999
0425
5044
3439
6841
7597
1291
3405
6998
0463
4765
6577
0790
1548
2774
7803
2261
3745
4592
6379
0087
2952
2435
1277
9842
4482
1230
7976
2193
2662
5648
0958
3134
5990
1162
2234
2569
9088
6419
0266
7856
1365
4937
0276
0645
5862
1304
5525
1119
8002
0835
2321
4966
3785
7317
9436
5011
0879
4448
8084
9391
8281
3001
9378
2761
0298
5458
0434
0575
7523
9409
1163
5534
0253
0015
6983
0794
4444
5582
1769
2933
5019
7219
1158
1143
3787
0787
6066
3057
9189
4079
1909
5778
0020
1846
6794
7470
4922
8708
5799
1112
6655
4498
8570
3000
5844
7694
4984
8250
4870
2645
2970
8621
8549
9441
4288
2073
1544
3545
2785
0284
7066
0437
2342
9988
7832
8262
2545
0866
8402
1719
7922
4427
9006
1855
9514
3667
0630
8121
7371
1801
5421
2888
4370
8545
0650
1740
3497
3317
6885
3574
9364
5374
0148
7885
4101
8919
5269
4994
4591
8254
6461
2299
9806
5726
9488
3945
5431
8601
6642
2682
0283
2564
8476
1916
2010
0724
1621
8640
2112
6918
0957
9505
5588
4313
5645
9359
6498
8948
6351
5402
0680
9624
0761
3336
0887
5324
0617
1274
4948
5966
1659
5137
6354
1219
5389
9165
0632
1703
8727
6230
6644
8623
4171
1390
2025
5709
6173
5643
0825
0088
0340
3147
3624
6721
8817
0816
7544
2153
0733
6802
7713
4835
6307
3364
5737
2249
6313
5369
3786
7233
4214
4375
2129
6556
2956
5970
1240
4083
3058
7245
8015
6154
6486
7134
4881
8440
9047
4123
8352
9241
5644
7129
4946
6709
1715
6529
7258
8042
9611
7122
9694
1842
2974
0367
6683
4292
0286
1854
5600
6157
8325
0762
3631
2677
7889
4589
7453
7677
1785
3952
1021
5413
5667
5742
5078
9840
7784
4859
2099
9913
1713
0851
4571
3977
6646
3589
9254
8603
6597
0585
9135
1427
2672
4417
5386
9599
3627
4226
3794
6437
4942
1057
6085
0392
3414
4195
2352
5847
8424
7253
0292
6636
1038
3331
9324
8771
4196
4301
2172
2993
9119
9641
5544
0130
3117
3131
6715
1540
8772
8848
8585
0991
7569
7088
8323
2748
3732
7045
4475
2277
9565
6249
3212
5562
4636
0269
9775
2132
5839
5010
7937
2862
3563
8186
1494
2184
1446
4995
0874
4190
0329
9911
7456
7788
0239
7599
4540
0032
6382
9044
2894
7424
6519
7106
2658
6647
2865
8181
9131
2460
3358
7127
9478
3403
4146
4059
6712
8925
6460
0531
8464
0658
3178
1347
2696
0335
9995
0303
8060
2546
5462
8875
8035
6999
2083
9234
2925
8444
1076
1361
5587
9039
6787
1610
3524
5067
0138
8572
2077
1512
0850
6714
3950
3765
1114
9984
4665
8488
3089
8339
4914
3502
6199
9829
3296
3158
7006
2310
4281
6390
0600
2224
0831
6521
2911
7063
9246
0072
0255
6001
0120
7820
1924
2173
5141
4891
9837
9396
1244
6672
8642
8699
1266
1141
3337
5482
8959
1705
7927
6759
3707
7733
5377
7145
1908
2493
9072
0929
3075
2627
5361
1229
9465
7167
4400
7596
8405
0990
1724
8286
6958
5070
4068
2087
9285
6944
6158
6339
6840
7656
7255
8666
7271
9191
5619
3054
6742
5712
4254
5521
2642
5895
4878
5775
0982
6590
8374
9816
6764
6881
3261
0884
1258
3657
0703
4279
6408
5823
5943
6592
1079
6851
9037
8189
3860
2805
0607
6346
9547
0374
1268
2472
2304
2046
0481
4280
3488
7169
0357
0186
2291
9964
1605
5033
7725
7964
2397
5556
4244
3293
2661
8019
5076
0995
9635
0169
9686
4070
2808
3250
0336
9106
8827
3374
2636
4808
1805
0765
5111
1789
7735
2848
2282
9413
2798
7783
0981
4120
9031
3404
9908
7565
8742
2063
8980
2212
0736
0773
5270
1381
3243
5796
0885
5476
1520
2494
8712
1730
6784
4188
4507
1538
5787
7076
3060
4705
6081
3634
4648
3204
2217
3519
5215
5071
8229
0294
7284
9783
1019
1374
9075
1695
1278
4358
1903
9529
4889
7315
2379
9704
4790
3944
2783
2634
6153
2816
6491
9914
3943
8394
9384
2323
2059
4243
8686
4973
5663
9916
7559
6614
5717
3897
8598
3262
4682
3553
9551
3507
4442
4189
7627
3554
3338
7146
1459
6383
7528
5023
7211
0473
7171
3723
0642
3851
2926
3768
9330
1218
4394
9954
4570
6265
4940
2074
2022
7055
4996
4788
8140
9696
3829
8832
9403
1823
3344
8155
8556
2838
4239
1803
0785
5029
0075
9195
5180
3584
0686
9993
7647
6827
4721
4927
2527
4918
9948
5685
3258
7580
8107
4177
1755
6624
1090
8170
3972
8314
0690
7720
1282
7874
0206
1411
0299
0646
1285
2199
4131
7944
5591
5291
7077
7716
0474
0395
9667
8418
2610
8675
7734
7641
3061
8127
1303
7567
1750
4263
2482
2221
0370
1702
5306
2618
7044
3449
2906
1545
0596
7396
7183
5331
6641
1348
8794
0184
9033
3375
8852
9718
6744
6414
6865
1879
9571
8420
5500
5463
9220
3857
7320
1406
1539
1596
6549
1480
4829
9660
6514
3402
4493
1931
1526
4065
7952
7170
3695
5088
4821
8320
1101
7353
0454
2834
3421
3549
3588
3109
3767
4393
9601
7037
7428
0472
6259
4048

583
585
019
561
978
005
811
282
462
104
041
641
786
155
726
730
198
996
762
453
328
207
398
727
955
693
400
419
500
464
535
452
084
413
837
376
468
964
619
316
175
238
460
236
558
725
759
254
988
977
981
027
138
610
006
314
130
949
118
096
390
437
308
011
945
787
148
458
164
447
578
998
247
213
320
167
502
191
846
715
676
681
074
691
794
975
276
043
224
937
063
576
177
313
298
008
906
425
274
081
345
587
291
606
402
449
248
718
929
025
507
516
747
864
670
976
278
808
828
835
156
673
818
894
427
843
441
915
503
179
184
531
591
736
020
600
094
969
928
957
733
493
684
859
077
431
225
303
206
336
456
317
443
304
048
995
253
845
760
970
986
151
552
319
386
690
414
993
862
669
720
028
395
438
764
912
001
887
145
985
002
766
142
628
963
114
803
210
537
289
127
548
557
428
826
798
793
814
510
192
697
876
791
436
069
010
422
126
415
396
512
515
728
360
481
943
385
092
629
756
053
153
946
241
574
626
476
563
699
857
560
157
251
196
350
149
375
218
599
567
933
529
596
469
781
880
194
245
885
120
999
209
309
451
780
366
279
518
256
232
315
195
934
925
228
683
071
879
521
842
566
839
121
607
644
775
813
152
205
852
982
892
724
863
034
039
489
972
750
732
801
286
784
694
297
249
878
511
065
399
160
389
621
875
545
406
501
809
675
630
961
847
777
767
109
751
329
200
327
284
332
022
520
967
208
190
361
365
603
954
388
093
823
800
128
898
405
632
680
257
035
572
293
061
824
865
984
369
359
227
980
891
991
219
881
355
137
255
729
331
439
788
754
761
525
849
016
141
639
497
562
917
265
159
593
938
774
895
146
540
418
470
243
553
856
463
519
765
187
124
294
805
544
592
721
897
259
088
483
478
185
322
575
168
102
498
434
547
370
173
742
604
073
333
807
050
330
066
650
287
648
654
119
446
844
689
021
613
662
541
290
347
543
491
861
281
594
831
555
009
023
095
573
581
172
188
487
042
854
907
484
013
989
930
866
214
910
150
062
170
944
664
685
504
758
411
888
702
893
834
494
740
884
486
688
620
737
921
656
091
645
923
712
900
649
240
538
004
340
624
853
789
488
768
499
107
459
158
233
085
367
778
559
348
770
526
269
711
049
602
941
339
122
973
165
186
404
026
950
288
217
017
323
614
352
135
416
326
622
816
873
076
586
197
176
239
212
829
994
492
285
015
143
795
678
931
275
651
992
387
757
221
570
080
744
383
270
713
635
113
731
442
036
394
848
467
133
590
372
341
532
663
836
090
956
014
220
171
517
909
117
140
595
549
131
598
804
655
346
465
568
310
840
349
362
072
381
054
373
773
283
692
922
679
704
665
743
166
536
060
223
966
638
057
474
965
455
097
335
231
344
776
932
609
477
058
647
782
067
882
112
506
783
354
222
706
392
850
357
869
182
597
890
234
496
421
268
868
735
643
472
707
045
485
417
700
410
204
899
810
716
420
161
658
608
734
435
338
115
292
908
178
246
806
424
524
260
211
871
125
695
661
812
226
273
007
672
671
952
546
258
686
230
136
163
935
407
509
769
708
215
962
959
874
936
056
815
426
068
391
616
618
896
203
116
189
627
838
031
569
551
351
666
266
264
802
242
612
302
440
030
797
508
687
902
180
960
252
250
739
475
083
324
379
615
703
588
657
103
779
677
705
299
325
709
589
714
480
953
513
307
820
154
032
799
867
611
717
342
183
792
749
905
374
653
903
698
710
301
318
000
822
086
631
920
785
123
571
514
037
012
277
990
495
530
430
040
550
393
055
368
971
916
889
105
490
763
044
539
397
229
169
505
633
312
987
883
870
914
701
202
356
623
099
261
079
296
659
046
832
974
584
147
564
948
904
432
377
625
358
668
637
605
825
958
796
334
271
542
582
075
830
997
556
457
098
674
554
082
235
181
841
940
819
642
577
382
059
471
144
738
919
942
790
429
139
272
951
821
741
199
106
580
089
306
939
652
087
078
132
267
636
851
667
983
746
723
321
018
817
193
913
968
534
129
696
423
262
522
833
445
482
412
100
408
300
444
660
640
051
533
433
364
101
579
244
911
311
378
033
450
473
601
003
353
924
860
634
947
201
047
682
926
052
527
523
528
646
064
174
070
108
617
872
305
752
029
371
855
337
827
745
979
448
748
110
466
886
111
237
461
403
771
384
343
280
722
901
038
363
454
772
216
380
409
024
918
927
134
162
719
295
401
877
858
755
479
263
753
565
